111111111111000111001011111111111110010100110111111111111010001111001
1111111111000010111011111111111110001011101101111111111111100000010000011
111111100100010111111111100001001110111111111111100000110001111
111111111110010011001011111111111000110101011111111111110000000100101
1111111111100010000100111111111110001111010011111111111001001110111
11111111110010001011011111111111100111011000001111111111110110001001011
11111111110000111011111111111111100001010110001111111111110111011110101
11111111101001011101111111100110001111111111111001111010111
11111111110110011111111111110011110011111111001110111
11111111111000110100110111111111110010101101101111111111110110010000000
11111111110000010001111111111111101001111001111111111111110101100001000
1111111110111101001111111111110011101110101111111111110000111010111
111111111000110000011111110011101011111111011110100
1111111010110101111111111100010001101011111111111001011010011
111111111111001110111100011111111110011101110011111111111000100101111
